999
98
99
82
83
999
999
113
112
34
26
27
19
17
999
999
999
999
999
999
999
999
999
999
137
138
114
115
104
105
88
89
120
121
122
123
124
125
129
130
132
133
134
135
25
37
38
39
43
44
45
40
41
42
46
47
48
49
50
51
53
55
65
67
61
69
71
57
59
63
18
16
33
36
999
999
999
999
999
999
999
999
999
999
999
999
999
999
999
999
999
999
999
999
999
999
999
999
35
30
31
28
29
999
999
999
999
999
999
999
999
999
999
999
999
999
75
74
76
999
77
78
32
118
119
72
73
999
999
999
999
999
999
999
136
131
128
999
999
999
999
999
999
999
999
999
999
999
999
999
5
6
7
8
1
2
3
4
999
999
9
10
999
20
21
999
22
23
999
13
15
999
999
999
999
999
106
107
90
91
96
97
80
81
999
999
110
111
94
95
102
103
86
87
108
109
92
93
100
101
84
85
999
999
999
999
999
999
999
999
999
999
999
999
999
999
999
999
999
999
999
11
12
14
999
79
999
52
54
64
66
60
68
70
56
58
62
999
999
126
127
24
116
117
