131
22
23
6
7
121
151
37
36
162
163
111
112
109
110
115
118
119
116
61
62
38
39
28
29
12
13
44
45
46
47
48
49
53
54
56
57
58
59
137
139
141
91
93
95
145
146
147
87
88
89
78
80
83
103
105
107
97
99
101
63
68
73
82
120
126
127
128
122
124
74
76
64
69
149
150
148
1
2
42
43
157
159
161
144
108
164
117
60
55
52
152
113
114
123
125
75
77
65
66
70
71
67
72
129
130
132
133
79
81
30
31
14
15
20
21
4
5
153
154
34
35
18
19
26
27
10
11
32
33
16
17
24
25
8
9
134
135
136
138
140
90
92
94
102
104
106
96
98
100
84
85
86
158
160
155
3
156
142
143
50
51
40
41
