1324
1325
1308
1309
1339
1338
1363
1364
1340
1341
1330
1331
1314
1315
1346
1347
1348
1349
1350
1351
1355
1356
1358
1359
1360
1361
1303
1304
1344
1345
1362
1357
1354
1332
1333
1316
1317
1322
1323
1306
1307
1336
1337
1320
1321
1328
1329
1312
1313
1334
1335
1318
1319
1326
1327
1310
1311
1305
1352
1353
1342
1343
1386
1387
1370
1371
1401
1400
1425
1426
1402
1403
1392
1393
1376
1377
1408
1409
1410
1411
1412
1413
1417
1418
1420
1421
1422
1423
1365
1366
1406
1407
1424
1419
1416
1394
1395
1378
1379
1384
1385
1368
1369
1398
1399
1382
1383
1390
1391
1374
1375
1396
1397
1380
1381
1388
1389
1372
1373
1367
1414
1415
1404
1405
332
333
316
317
347
346
371
372
348
349
338
339
322
323
354
355
356
357
358
359
363
364
366
367
368
369
311
312
352
353
370
365
362
340
341
324
325
330
331
314
315
344
345
328
329
336
337
320
321
342
343
326
327
334
335
318
319
313
360
361
350
351
394
395
378
379
409
408
433
434
410
411
400
401
384
385
416
417
418
419
420
421
425
426
428
429
430
431
373
374
414
415
432
427
424
402
403
386
387
392
393
376
377
406
407
390
391
398
399
382
383
404
405
388
389
396
397
380
381
375
422
423
412
413
2254
2255
2238
2239
2269
2268
2293
2294
2270
2271
2260
2261
2244
2245
2276
2277
2278
2279
2280
2281
2285
2286
2288
2289
2290
2291
2233
2234
2274
2275
2292
2287
2284
2262
2263
2246
2247
2252
2253
2236
2237
2266
2267
2250
2251
2258
2259
2242
2243
2264
2265
2248
2249
2256
2257
2240
2241
2235
2282
2283
2272
2273
2192
2193
2176
2177
2207
2206
2231
2232
2208
2209
2198
2199
2182
2183
2214
2215
2216
2217
2218
2219
2223
2224
2226
2227
2228
2229
2171
2172
2212
2213
2230
2225
2222
2200
2201
2184
2185
2190
2191
2174
2175
2204
2205
2188
2189
2196
2197
2180
2181
2202
2203
2186
2187
2194
2195
2178
2179
2173
2220
2221
2210
2211
3742
3743
3726
3727
3757
3756
3781
3782
3758
3759
3748
3749
3732
3733
3764
3765
3766
3767
3768
3769
3773
3774
3776
3777
3778
3779
3721
3722
3762
3763
3780
3775
3772
3750
3751
3734
3735
3740
3741
3724
3725
3754
3755
3738
3739
3746
3747
3730
3731
3752
3753
3736
3737
3744
3745
3728
3729
3723
3770
3771
3760
3761
3804
3805
3788
3789
3819
3818
3843
3844
3820
3821
3810
3811
3794
3795
3826
3827
3828
3829
3830
3831
3835
3836
3838
3839
3840
3841
3783
3784
3824
3825
3842
3837
3834
3812
3813
3796
3797
3802
3803
3786
3787
3816
3817
3800
3801
3808
3809
3792
3793
3814
3815
3798
3799
3806
3807
3790
3791
3785
3832
3833
3822
3823
2316
2317
2300
2301
2331
2330
2355
2356
2332
2333
2322
2323
2306
2307
2338
2339
2340
2341
2342
2343
2347
2348
2350
2351
2352
2353
2295
2296
2336
2337
2354
2349
2346
2324
2325
2308
2309
2314
2315
2298
2299
2328
2329
2312
2313
2320
2321
2304
2305
2326
2327
2310
2311
2318
2319
2302
2303
2297
2344
2345
2334
2335
2378
2379
2362
2363
2393
2392
2417
2418
2394
2395
2384
2385
2368
2369
2400
2401
2402
2403
2404
2405
2409
2410
2412
2413
2414
2415
2357
2358
2398
2399
2416
2411
2408
2386
2387
2370
2371
2376
2377
2360
2361
2390
2391
2374
2375
2382
2383
2366
2367
2388
2389
2372
2373
2380
2381
2364
2365
2359
2406
2407
2396
2397
1696
1697
1680
1681
1711
1710
1735
1736
1712
1713
1702
1703
1686
1687
1718
1719
1720
1721
1722
1723
1727
1728
1730
1731
1732
1733
1675
1676
1716
1717
1734
1729
1726
1704
1705
1688
1689
1694
1695
1678
1679
1708
1709
1692
1693
1700
1701
1684
1685
1706
1707
1690
1691
1698
1699
1682
1683
1677
1724
1725
1714
1715
1758
1759
1742
1743
1773
1772
1797
1798
1774
1775
1764
1765
1748
1749
1780
1781
1782
1783
1784
1785
1789
1790
1792
1793
1794
1795
1737
1738
1778
1779
1796
1791
1788
1766
1767
1750
1751
1756
1757
1740
1741
1770
1771
1754
1755
1762
1763
1746
1747
1768
1769
1752
1753
1760
1761
1744
1745
1739
1786
1787
1776
1777
704
705
688
689
719
718
743
744
720
721
710
711
694
695
726
727
728
729
730
731
735
736
738
739
740
741
683
684
724
725
742
737
734
712
713
696
697
702
703
686
687
716
717
700
701
708
709
692
693
714
715
698
699
706
707
690
691
685
732
733
722
723
766
767
750
751
781
780
805
806
782
783
772
773
756
757
788
789
790
791
792
793
797
798
800
801
802
803
745
746
786
787
804
799
796
774
775
758
759
764
765
748
749
778
779
762
763
770
771
754
755
776
777
760
761
768
769
752
753
747
794
795
784
785
2688
2689
2672
2673
2703
2702
2727
2728
2704
2705
2694
2695
2678
2679
2710
2711
2712
2713
2714
2715
2719
2720
2722
2723
2724
2725
2667
2668
2708
2709
2726
2721
2718
2696
2697
2680
2681
2686
2687
2670
2671
2700
2701
2684
2685
2692
2693
2676
2677
2698
2699
2682
2683
2690
2691
2674
2675
2669
2716
2717
2706
2707
2750
2751
2734
2735
2765
2764
2789
2790
2766
2767
2756
2757
2740
2741
2772
2773
2774
2775
2776
2777
2781
2782
2784
2785
2786
2787
2729
2730
2770
2771
2788
2783
2780
2758
2759
2742
2743
2748
2749
2732
2733
2762
2763
2746
2747
2754
2755
2738
2739
2760
2761
2744
2745
2752
2753
2736
2737
2731
2778
2779
2768
2769
2812
2813
2796
2797
2827
2826
2851
2852
2828
2829
2818
2819
2802
2803
2834
2835
2836
2837
2838
2839
2843
2844
2846
2847
2848
2849
2791
2792
2832
2833
2850
2845
2842
2820
2821
2804
2805
2810
2811
2794
2795
2824
2825
2808
2809
2816
2817
2800
2801
2822
2823
2806
2807
2814
2815
2798
2799
2793
2840
2841
2830
2831
2874
2875
2858
2859
2889
2888
2913
2914
2890
2891
2880
2881
2864
2865
2896
2897
2898
2899
2900
2901
2905
2906
2908
2909
2910
2911
2853
2854
2894
2895
2912
2907
2904
2882
2883
2866
2867
2872
2873
2856
2857
2886
2887
2870
2871
2878
2879
2862
2863
2884
2885
2868
2869
2876
2877
2860
2861
2855
2902
2903
2892
2893
2936
2937
2920
2921
2951
2950
2975
2976
2952
2953
2942
2943
2926
2927
2958
2959
2960
2961
2962
2963
2967
2968
2970
2971
2972
2973
2915
2916
2956
2957
2974
2969
2966
2944
2945
2928
2929
2934
2935
2918
2919
2948
2949
2932
2933
2940
2941
2924
2925
2946
2947
2930
2931
2938
2939
2922
2923
2917
2964
2965
2954
2955
2998
2999
2982
2983
3013
3012
3037
3038
3014
3015
3004
3005
2988
2989
3020
3021
3022
3023
3024
3025
3029
3030
3032
3033
3034
3035
2977
2978
3018
3019
3036
3031
3028
3006
3007
2990
2991
2996
2997
2980
2981
3010
3011
2994
2995
3002
3003
2986
2987
3008
3009
2992
2993
3000
3001
2984
2985
2979
3026
3027
3016
3017
3246
3247
3230
3231
3261
3260
3285
3286
3262
3263
3252
3253
3236
3237
3268
3269
3270
3271
3272
3273
3277
3278
3280
3281
3282
3283
3225
3226
3266
3267
3284
3279
3276
3254
3255
3238
3239
3244
3245
3228
3229
3258
3259
3242
3243
3250
3251
3234
3235
3256
3257
3240
3241
3248
3249
3232
3233
3227
3274
3275
3264
3265
3308
3309
3292
3293
3323
3322
3347
3348
3324
3325
3314
3315
3298
3299
3330
3331
3332
3333
3334
3335
3339
3340
3342
3343
3344
3345
3287
3288
3328
3329
3346
3341
3338
3316
3317
3300
3301
3306
3307
3290
3291
3320
3321
3304
3305
3312
3313
3296
3297
3318
3319
3302
3303
3310
3311
3294
3295
3289
3336
3337
3326
3327
3432
3433
3416
3417
3447
3446
3471
3472
3448
3449
3438
3439
3422
3423
3454
3455
3456
3457
3458
3459
3463
3464
3466
3467
3468
3469
3411
3412
3452
3453
3470
3465
3462
3440
3441
3424
3425
3430
3431
3414
3415
3444
3445
3428
3429
3436
3437
3420
3421
3442
3443
3426
3427
3434
3435
3418
3419
3413
3460
3461
3450
3451
3494
3495
3478
3479
3509
3508
3533
3534
3510
3511
3500
3501
3484
3485
3516
3517
3518
3519
3520
3521
3525
3526
3528
3529
3530
3531
3473
3474
3514
3515
3532
3527
3524
3502
3503
3486
3487
3492
3493
3476
3477
3506
3507
3490
3491
3498
3499
3482
3483
3504
3505
3488
3489
3496
3497
3480
3481
3475
3522
3523
3512
3513
3556
3557
3540
3541
3571
3570
3595
3596
3572
3573
3562
3563
3546
3547
3578
3579
3580
3581
3582
3583
3587
3588
3590
3591
3592
3593
3535
3536
3576
3577
3594
3589
3586
3564
3565
3548
3549
3554
3555
3538
3539
3568
3569
3552
3553
3560
3561
3544
3545
3566
3567
3550
3551
3558
3559
3542
3543
3537
3584
3585
3574
3575
3618
3619
3602
3603
3633
3632
3657
3658
3634
3635
3624
3625
3608
3609
3640
3641
3642
3643
3644
3645
3649
3650
3652
3653
3654
3655
3597
3598
3638
3639
3656
3651
3648
3626
3627
3610
3611
3616
3617
3600
3601
3630
3631
3614
3615
3622
3623
3606
3607
3628
3629
3612
3613
3620
3621
3604
3605
3599
3646
3647
3636
3637
22
23
6
7
37
36
61
62
38
39
28
29
12
13
44
45
46
47
48
49
53
54
56
57
58
59
1
2
42
43
60
55
52
30
31
14
15
20
21
4
5
34
35
18
19
26
27
10
11
32
33
16
17
24
25
8
9
3
50
51
40
41
84
85
68
69
99
98
123
124
100
101
90
91
74
75
106
107
108
109
110
111
115
116
118
119
120
121
63
64
104
105
122
117
114
92
93
76
77
82
83
66
67
96
97
80
81
88
89
72
73
94
95
78
79
86
87
70
71
65
112
113
102
103
2564
2565
2548
2549
2579
2578
2603
2604
2580
2581
2570
2571
2554
2555
2586
2587
2588
2589
2590
2591
2595
2596
2598
2599
2600
2601
2543
2544
2584
2585
2602
2597
2594
2572
2573
2556
2557
2562
2563
2546
2547
2576
2577
2560
2561
2568
2569
2552
2553
2574
2575
2558
2559
2566
2567
2550
2551
2545
2592
2593
2582
2583
2626
2627
2610
2611
2641
2640
2665
2666
2642
2643
2632
2633
2616
2617
2648
2649
2650
2651
2652
2653
2657
2658
2660
2661
2662
2663
2605
2606
2646
2647
2664
2659
2656
2634
2635
2618
2619
2624
2625
2608
2609
2638
2639
2622
2623
2630
2631
2614
2615
2636
2637
2620
2621
2628
2629
2612
2613
2607
2654
2655
2644
2645
3680
3681
3664
3665
3695
3694
3719
3720
3696
3697
3686
3687
3670
3671
3702
3703
3704
3705
3706
3707
3711
3712
3714
3715
3716
3717
3659
3660
3700
3701
3718
3713
3710
3688
3689
3672
3673
3678
3679
3662
3663
3692
3693
3676
3677
3684
3685
3668
3669
3690
3691
3674
3675
3682
3683
3666
3667
3661
3708
3709
3698
3699
3370
3371
3354
3355
3385
3384
3409
3410
3386
3387
3376
3377
3360
3361
3392
3393
3394
3395
3396
3397
3401
3402
3404
3405
3406
3407
3349
3350
3390
3391
3408
3403
3400
3378
3379
3362
3363
3368
3369
3352
3353
3382
3383
3366
3367
3374
3375
3358
3359
3380
3381
3364
3365
3372
3373
3356
3357
3351
3398
3399
3388
3389
3184
3185
3168
3169
3199
3198
3223
3224
3200
3201
3190
3191
3174
3175
3206
3207
3208
3209
3210
3211
3215
3216
3218
3219
3220
3221
3163
3164
3204
3205
3222
3217
3214
3192
3193
3176
3177
3182
3183
3166
3167
3196
3197
3180
3181
3188
3189
3172
3173
3194
3195
3178
3179
3186
3187
3170
3171
3165
3212
3213
3202
3203
1820
1821
1804
1805
1835
1834
1859
1860
1836
1837
1826
1827
1810
1811
1842
1843
1844
1845
1846
1847
1851
1852
1854
1855
1856
1857
1799
1800
1840
1841
1858
1853
1850
1828
1829
1812
1813
1818
1819
1802
1803
1832
1833
1816
1817
1824
1825
1808
1809
1830
1831
1814
1815
1822
1823
1806
1807
1801
1848
1849
1838
1839
1882
1883
1866
1867
1897
1896
1921
1922
1898
1899
1888
1889
1872
1873
1904
1905
1906
1907
1908
1909
1913
1914
1916
1917
1918
1919
1861
1862
1902
1903
1920
1915
1912
1890
1891
1874
1875
1880
1881
1864
1865
1894
1895
1878
1879
1886
1887
1870
1871
1892
1893
1876
1877
1884
1885
1868
1869
1863
1910
1911
1900
1901
828
829
812
813
843
842
867
868
844
845
834
835
818
819
850
851
852
853
854
855
859
860
862
863
864
865
807
808
848
849
866
861
858
836
837
820
821
826
827
810
811
840
841
824
825
832
833
816
817
838
839
822
823
830
831
814
815
809
856
857
846
847
890
891
874
875
905
904
929
930
906
907
896
897
880
881
912
913
914
915
916
917
921
922
924
925
926
927
869
870
910
911
928
923
920
898
899
882
883
888
889
872
873
902
903
886
887
894
895
878
879
900
901
884
885
892
893
876
877
871
918
919
908
909
1200
1201
1184
1185
1215
1214
1239
1240
1216
1217
1206
1207
1190
1191
1222
1223
1224
1225
1226
1227
1231
1232
1234
1235
1236
1237
1179
1180
1220
1221
1238
1233
1230
1208
1209
1192
1193
1198
1199
1182
1183
1212
1213
1196
1197
1204
1205
1188
1189
1210
1211
1194
1195
1202
1203
1186
1187
1181
1228
1229
1218
1219
1262
1263
1246
1247
1277
1276
1301
1302
1278
1279
1268
1269
1252
1253
1284
1285
1286
1287
1288
1289
1293
1294
1296
1297
1298
1299
1241
1242
1282
1283
1300
1295
1292
1270
1271
1254
1255
1260
1261
1244
1245
1274
1275
1258
1259
1266
1267
1250
1251
1272
1273
1256
1257
1264
1265
1248
1249
1243
1290
1291
1280
1281
208
209
192
193
223
222
247
248
224
225
214
215
198
199
230
231
232
233
234
235
239
240
242
243
244
245
187
188
228
229
246
241
238
216
217
200
201
206
207
190
191
220
221
204
205
212
213
196
197
218
219
202
203
210
211
194
195
189
236
237
226
227
270
271
254
255
285
284
309
310
286
287
276
277
260
261
292
293
294
295
296
297
301
302
304
305
306
307
249
250
290
291
308
303
300
278
279
262
263
268
269
252
253
282
283
266
267
274
275
258
259
280
281
264
265
272
273
256
257
251
298
299
288
289
2068
2069
2052
2053
2083
2082
2107
2108
2084
2085
2074
2075
2058
2059
2090
2091
2092
2093
2094
2095
2099
2100
2102
2103
2104
2105
2047
2048
2088
2089
2106
2101
2098
2076
2077
2060
2061
2066
2067
2050
2051
2080
2081
2064
2065
2072
2073
2056
2057
2078
2079
2062
2063
2070
2071
2054
2055
2049
2096
2097
2086
2087
2130
2131
2114
2115
2145
2144
2169
2170
2146
2147
2136
2137
2120
2121
2152
2153
2154
2155
2156
2157
2161
2162
2164
2165
2166
2167
2109
2110
2150
2151
2168
2163
2160
2138
2139
2122
2123
2128
2129
2112
2113
2142
2143
2126
2127
2134
2135
2118
2119
2140
2141
2124
2125
2132
2133
2116
2117
2111
2158
2159
2148
2149
1076
1077
1060
1061
1091
1090
1115
1116
1092
1093
1082
1083
1066
1067
1098
1099
1100
1101
1102
1103
1107
1108
1110
1111
1112
1113
1055
1056
1096
1097
1114
1109
1106
1084
1085
1068
1069
1074
1075
1058
1059
1088
1089
1072
1073
1080
1081
1064
1065
1086
1087
1070
1071
1078
1079
1062
1063
1057
1104
1105
1094
1095
1138
1139
1122
1123
1153
1152
1177
1178
1154
1155
1144
1145
1128
1129
1160
1161
1162
1163
1164
1165
1169
1170
1172
1173
1174
1175
1117
1118
1158
1159
1176
1171
1168
1146
1147
1130
1131
1136
1137
1120
1121
1150
1151
1134
1135
1142
1143
1126
1127
1148
1149
1132
1133
1140
1141
1124
1125
1119
1166
1167
1156
1157
1572
1573
1556
1557
1587
1586
1611
1612
1588
1589
1578
1579
1562
1563
1594
1595
1596
1597
1598
1599
1603
1604
1606
1607
1608
1609
1551
1552
1592
1593
1610
1605
1602
1580
1581
1564
1565
1570
1571
1554
1555
1584
1585
1568
1569
1576
1577
1560
1561
1582
1583
1566
1567
1574
1575
1558
1559
1553
1600
1601
1590
1591
1634
1635
1618
1619
1649
1648
1673
1674
1650
1651
1640
1641
1624
1625
1656
1657
1658
1659
1660
1661
1665
1666
1668
1669
1670
1671
1613
1614
1654
1655
1672
1667
1664
1642
1643
1626
1627
1632
1633
1616
1617
1646
1647
1630
1631
1638
1639
1622
1623
1644
1645
1628
1629
1636
1637
1620
1621
1615
1662
1663
1652
1653
580
581
564
565
595
594
619
620
596
597
586
587
570
571
602
603
604
605
606
607
611
612
614
615
616
617
559
560
600
601
618
613
610
588
589
572
573
578
579
562
563
592
593
576
577
584
585
568
569
590
591
574
575
582
583
566
567
561
608
609
598
599
642
643
626
627
657
656
681
682
658
659
648
649
632
633
664
665
666
667
668
669
673
674
676
677
678
679
621
622
662
663
680
675
672
650
651
634
635
640
641
624
625
654
655
638
639
646
647
630
631
652
653
636
637
644
645
628
629
623
670
671
660
661
1944
1945
1928
1929
1959
1958
1983
1984
1960
1961
1950
1951
1934
1935
1966
1967
1968
1969
1970
1971
1975
1976
1978
1979
1980
1981
1923
1924
1964
1965
1982
1977
1974
1952
1953
1936
1937
1942
1943
1926
1927
1956
1957
1940
1941
1948
1949
1932
1933
1954
1955
1938
1939
1946
1947
1930
1931
1925
1972
1973
1962
1963
2006
2007
1990
1991
2021
2020
2045
2046
2022
2023
2012
2013
1996
1997
2028
2029
2030
2031
2032
2033
2037
2038
2040
2041
2042
2043
1985
1986
2026
2027
2044
2039
2036
2014
2015
1998
1999
2004
2005
1988
1989
2018
2019
2002
2003
2010
2011
1994
1995
2016
2017
2000
2001
2008
2009
1992
1993
1987
2034
2035
2024
2025
952
953
936
937
967
966
991
992
968
969
958
959
942
943
974
975
976
977
978
979
983
984
986
987
988
989
931
932
972
973
990
985
982
960
961
944
945
950
951
934
935
964
965
948
949
956
957
940
941
962
963
946
947
954
955
938
939
933
980
981
970
971
1014
1015
998
999
1029
1028
1053
1054
1030
1031
1020
1021
1004
1005
1036
1037
1038
1039
1040
1041
1045
1046
1048
1049
1050
1051
993
994
1034
1035
1052
1047
1044
1022
1023
1006
1007
1012
1013
996
997
1026
1027
1010
1011
1018
1019
1002
1003
1024
1025
1008
1009
1016
1017
1000
1001
995
1042
1043
1032
1033
1448
1449
1432
1433
1463
1462
1487
1488
1464
1465
1454
1455
1438
1439
1470
1471
1472
1473
1474
1475
1479
1480
1482
1483
1484
1485
1427
1428
1468
1469
1486
1481
1478
1456
1457
1440
1441
1446
1447
1430
1431
1460
1461
1444
1445
1452
1453
1436
1437
1458
1459
1442
1443
1450
1451
1434
1435
1429
1476
1477
1466
1467
1510
1511
1494
1495
1525
1524
1549
1550
1526
1527
1516
1517
1500
1501
1532
1533
1534
1535
1536
1537
1541
1542
1544
1545
1546
1547
1489
1490
1530
1531
1548
1543
1540
1518
1519
1502
1503
1508
1509
1492
1493
1522
1523
1506
1507
1514
1515
1498
1499
1520
1521
1504
1505
1512
1513
1496
1497
1491
1538
1539
1528
1529
456
457
440
441
471
470
495
496
472
473
462
463
446
447
478
479
480
481
482
483
487
488
490
491
492
493
435
436
476
477
494
489
486
464
465
448
449
454
455
438
439
468
469
452
453
460
461
444
445
466
467
450
451
458
459
442
443
437
484
485
474
475
518
519
502
503
533
532
557
558
534
535
524
525
508
509
540
541
542
543
544
545
549
550
552
553
554
555
497
498
538
539
556
551
548
526
527
510
511
516
517
500
501
530
531
514
515
522
523
506
507
528
529
512
513
520
521
504
505
499
546
547
536
537
146
147
130
131
161
160
185
186
162
163
152
153
136
137
168
169
170
171
172
173
177
178
180
181
182
183
125
126
166
167
184
179
176
154
155
138
139
144
145
128
129
158
159
142
143
150
151
134
135
156
157
140
141
148
149
132
133
127
174
175
164
165
3060
3061
3044
3045
3075
3074
3099
3100
3076
3077
3066
3067
3050
3051
3082
3083
3084
3085
3086
3087
3091
3092
3094
3095
3096
3097
3039
3040
3080
3081
3098
3093
3090
3068
3069
3052
3053
3058
3059
3042
3043
3072
3073
3056
3057
3064
3065
3048
3049
3070
3071
3054
3055
3062
3063
3046
3047
3041
3088
3089
3078
3079
3122
3123
3106
3107
3137
3136
3161
3162
3138
3139
3128
3129
3112
3113
3144
3145
3146
3147
3148
3149
3153
3154
3156
3157
3158
3159
3101
3102
3142
3143
3160
3155
3152
3130
3131
3114
3115
3120
3121
3104
3105
3134
3135
3118
3119
3126
3127
3110
3111
3132
3133
3116
3117
3124
3125
3108
3109
3103
3150
3151
3140
3141
2440
2441
2424
2425
2455
2454
2479
2480
2456
2457
2446
2447
2430
2431
2462
2463
2464
2465
2466
2467
2471
2472
2474
2475
2476
2477
2419
2420
2460
2461
2478
2473
2470
2448
2449
2432
2433
2438
2439
2422
2423
2452
2453
2436
2437
2444
2445
2428
2429
2450
2451
2434
2435
2442
2443
2426
2427
2421
2468
2469
2458
2459
2502
2503
2486
2487
2517
2516
2541
2542
2518
2519
2508
2509
2492
2493
2524
2525
2526
2527
2528
2529
2533
2534
2536
2537
2538
2539
2481
2482
2522
2523
2540
2535
2532
2510
2511
2494
2495
2500
2501
2484
2485
2514
2515
2498
2499
2506
2507
2490
2491
2512
2513
2496
2497
2504
2505
2488
2489
2483
2530
2531
2520
2521
